version https://git-lfs.github.com/spec/v1
oid sha256:4bdef23e922342090c360a52b7e676b503daefd3a2e0c89e89691df5474915d0
size 487711
